111111111111111111111111111111111111111111111111111
1                                                B1
1                                                 1
1                                                 1
1                                                 1
1                                                 1
1                                                 1
1                                                 1
1                                                 1
1                                                 1
1                                                 1
1                                                 1
1                                                 1
1                                                 1
1                                                 1
1                                                 1
1                                                 1
1                                                 1
1                                                 1
1                                                 1
1                                                 1
1                                                 1
1                                                 1
1                                                 1
1                                                 1
1                                                 1
1                                                 1
1                                                 1
1                                                 1
1                                                 1
1                                                 1
1                                                 1
1                                                 1
1A                                                1
111111111111111111111111111111111111111111111111111