111111111111111111111111111111111111111111111111111
1                                                 1
1      111111111111111111111                      1
1                          1                      1
1                          1                      1
1                          1                      1
1                          1                      1
1                          1                      1
1                          1                      1
1                          1                      1
1 A                        1                      1
1                          1                      1
1                          1                      1
1                          1                      1
1                          1                      1
1                          1                      1
1                          1                      1
1                          1                      1
1                          1                      1
1      111111111111111111111B                     1
1                                                 1
111111111111111111111111111111111111111111111111111