111111111111111111111111111111111111111111111111111
1                                                 1
1                                                 1
1                                                 1
1                                                 1
1                                                 1
1                                                 1
1     MMMMMMM                                     1
1  MMMMMMM            MM                          1
1                    MMMMM                        1
1 A         MM      MMMMMMM                       1
1                    MMMMM                  B     1
1                     MM                          1
1                      11                         1
1                       1                         1
1                      11                         1
1                1     1                          1
1                1                                1
1                1                                1
1                1                                1
1                                                 1
111111111111111111111111111111111111111111111111111